并查集的表示：

id  0  1  2  3  4  5  6  7  8  9
---------------------------------
    0  1  0  1  0  1  0  1  0  1

第一行：元素的id, 可以用数组的index表示
第二行：元素所属集合

Quick Find: 时间复杂度O(1), 直接比较Id对应的集合值
合并操作：
例如，union(1,4) 那么原本和1连接的元素和原本和4连接的元素就都连接起来了
id  0  1  2  3  4  5  6  7  8  9
---------------------------------
    1  1  1  1  1  1  1  1  1  1
要扫描一遍整个数组
union时间为O(n)


Quick Union: 每个元素看成一个节点，形成树结构，由孩子指向父亲（见截图）
p和q相连时，把p所在树的root指向q所在树的root

parent  0  1  2  3  4  5  6  7  8  9
-------------------------------------
        0  1  2  3  4  5  6  7  8  9